[gd_scene load_steps=3 format=3 uid="uid://btpcm0q30rcog"]

[ext_resource type="PackedScene" uid="uid://nboeqrajcws1" path="res://objects/gumball_rig_base (2).fbx" id="1_6fmeq"]
[ext_resource type="AnimationLibrary" uid="uid://deigse67lgh3t" path="res://anim_gumball_fire_arms (1).fbx" id="2_yyhvj"]

[node name="gumball_rig_base (2)" instance=ExtResource("1_6fmeq")]
transform = Transform3D(-1, 0, -8.74228e-08, 0, 1, 0, 8.74228e-08, 0, -1, 0, 0, 0)

[node name="Skeleton3D" parent="Skeleton" index="0"]
bones/1/position = Vector3(-0.00122214, 0.00023189, 0.00195459)
bones/1/rotation = Quaternion(0.213255, 0.351923, 0.844769, 0.342108)
bones/2/rotation = Quaternion(0.854909, 2.10193e-06, -1.34657e-06, 0.518779)
bones/3/rotation = Quaternion(0.119295, 0.8108, 0.274788, 0.502855)
bones/4/rotation = Quaternion(0.0807843, 0.623268, 0.0892779, 0.772684)
bones/5/rotation = Quaternion(-0.300398, 0.0548669, -0.0293988, 0.951781)
bones/6/rotation = Quaternion(-0.0718968, 1.11997e-06, 1.34251e-06, 0.997412)
bones/7/rotation = Quaternion(-0.141047, -2.1327e-06, -1.66259e-06, 0.990003)
bones/10/rotation = Quaternion(-0.384256, 0.0582919, -0.0616042, 0.919323)
bones/11/rotation = Quaternion(-0.111098, -7.03744e-07, -4.64876e-07, 0.993809)
bones/12/rotation = Quaternion(-0.0773526, 1.90509e-06, 2.03282e-06, 0.997004)
bones/15/rotation = Quaternion(-0.267314, 0.00553347, -0.0279396, 0.963188)
bones/16/rotation = Quaternion(-0.118552, -9.78659e-07, -7.28016e-07, 0.992948)
bones/17/rotation = Quaternion(-0.243626, -4.04668e-07, 1.39599e-06, 0.969869)
bones/20/rotation = Quaternion(0.00697191, 0.0159542, 0.00357725, 0.999842)
bones/21/rotation = Quaternion(-0.349164, 0.0145319, 0.00812636, 0.936914)
bones/22/rotation = Quaternion(-0.144579, 2.21087e-06, -7.69812e-06, 0.989493)
bones/24/rotation = Quaternion(0.371034, 0.0854211, 0.254807, 0.888882)
bones/25/rotation = Quaternion(-0.100808, 7.23431e-07, -8.71262e-07, 0.994906)
bones/26/rotation = Quaternion(-0.135951, -3.47155e-07, 3.53478e-06, 0.990716)
bones/28/rotation = Quaternion(-2.19291e-07, 0.331747, -1.38347e-07, 0.943368)
bones/29/rotation = Quaternion(-1.77544e-07, 0.579511, -3.99902e-08, 0.814964)
bones/30/rotation = Quaternion(3.96258e-07, 0.642779, -1.24884e-07, 0.766051)
bones/31/rotation = Quaternion(-3.23859e-08, 0.806435, -5.40927e-08, 0.591323)
bones/35/rotation = Quaternion(-0.256158, 0.125573, 0.905916, -0.312939)
bones/36/rotation = Quaternion(0.772705, -1.7308e-06, 1.44756e-06, 0.634765)
bones/37/rotation = Quaternion(0.0462913, 0.147348, 0.191755, 0.969214)
bones/38/position = Vector3(1.95723e-09, -0.00214267, 0.00268682)
bones/38/rotation = Quaternion(0.113829, -0.626522, -0.0624809, 0.768511)
bones/39/rotation = Quaternion(-0.488347, -0.0597126, 0.0175807, 0.870427)
bones/40/rotation = Quaternion(-0.526925, -3.75411e-07, -1.70843e-06, 0.849912)
bones/41/rotation = Quaternion(-0.39932, 1.60676e-06, 2.18076e-06, 0.916812)
bones/43/position = Vector3(1.95723e-09, -0.00214267, 0.00268682)
bones/44/rotation = Quaternion(-0.51295, -0.0643853, 0.0196539, 0.855775)
bones/45/rotation = Quaternion(-0.592187, 3.66418e-07, 8.05126e-07, 0.805801)
bones/48/position = Vector3(1.95746e-09, -0.00214267, 0.00268682)
bones/48/rotation = Quaternion(0.0250897, -0.703065, 0.060668, 0.708089)
bones/49/rotation = Quaternion(-0.510657, -0.142163, 0.0578869, 0.845972)
bones/50/rotation = Quaternion(-0.493083, 6.11147e-07, 1.01198e-06, 0.869982)
bones/51/rotation = Quaternion(-0.3164, 4.98366e-07, -1.35071e-06, 0.948626)
bones/53/position = Vector3(1.95723e-09, -0.00214267, 0.00268682)
bones/54/rotation = Quaternion(-0.446014, -0.11441, -0.0529976, 0.8861)
bones/58/position = Vector3(1.96451e-09, -0.00214267, 0.00268682)
bones/58/rotation = Quaternion(0.367101, -0.16434, -0.199338, 0.893585)
bones/59/rotation = Quaternion(-0.314695, 0.0178802, 0.110328, 0.942589)
bones/60/rotation = Quaternion(-0.284886, 9.32845e-07, -3.51485e-06, 0.958562)
bones/62/rotation = Quaternion(9.70015e-08, -0.170678, 1.83328e-07, 0.985327)
bones/63/rotation = Quaternion(-1.19469e-07, -0.0626302, -7.22433e-09, 0.998037)
bones/64/rotation = Quaternion(-2.06061e-07, -0.0315669, 1.33037e-08, 0.999502)
bones/65/rotation = Quaternion(4.50571e-08, 0.0616856, 3.37457e-08, 0.998096)

[node name="L_Wrist_GRP" parent="Controls_GRP/root_GRP/root_ctrl" index="0"]
transform = Transform3D(-0.863379, 0.49992, -0.0682449, -0.492145, -0.804584, 0.332322, 0.111226, 0.320506, 0.940694, 0.491771, -0.600789, 0.121841)

[node name="L_Wrist_CTRL" parent="Controls_GRP/root_GRP/root_ctrl/L_Wrist_GRP" index="0"]
transform = Transform3D(0.995308, -0.0622502, -0.074072, -0.0911256, -0.860432, -0.50135, -0.0325248, 0.505748, -0.862068, 0.251683, -0.561895, 0.357176)

[node name="L_Meta_Index_CTRL" parent="Controls_GRP/root_GRP/root_ctrl/L_Wrist_GRP/L_Wrist_CTRL/L_Meta_Index_GRP" index="0"]
transform = Transform3D(1, 0, 0, 0, 0.999711, -0.0240395, 0, 0.0240395, 0.999711, 0, 0, 0)

[node name="L_Index_01_CTRL" parent="Controls_GRP/root_GRP/root_ctrl/L_Wrist_GRP/L_Wrist_CTRL/L_Meta_Index_GRP/L_Meta_Index_CTRL/L_Index_01_GRP" index="0"]
transform = Transform3D(1, 0, 0, 0, 0.757282, 0.653088, 0, -0.653088, 0.757282, 0, 0, 0)

[node name="L_Index_02_CTRL" parent="Controls_GRP/root_GRP/root_ctrl/L_Wrist_GRP/L_Wrist_CTRL/L_Meta_Index_GRP/L_Meta_Index_CTRL/L_Index_01_GRP/L_Index_01_CTRL/L_Index_02_GRP" index="0"]
transform = Transform3D(1, 0, 0, 0, 0.841344, 0.540499, 0, -0.540499, 0.841344, 0, 0, 0)

[node name="L_Index_03_CTRL" parent="Controls_GRP/root_GRP/root_ctrl/L_Wrist_GRP/L_Wrist_CTRL/L_Meta_Index_GRP/L_Meta_Index_CTRL/L_Index_01_GRP/L_Index_01_CTRL/L_Index_02_GRP/L_Index_02_CTRL/L_Index_03_GRP" index="0"]
transform = Transform3D(1, 0, 0, 0, 0.941127, 0.338054, 0, -0.338054, 0.941127, 0, 0, 0)

[node name="L_Middle_01_CTRL" parent="Controls_GRP/root_GRP/root_ctrl/L_Wrist_GRP/L_Wrist_CTRL/L_Meta_Middle_GRP/L_Meta_Middle_CTRL/L_Middle_01_GRP" index="0"]
transform = Transform3D(0.997472, -0.0710629, 0, 0.0567272, 0.79625, 0.602302, -0.0428013, -0.60078, 0.798268, 0, 0, 0)

[node name="L_Middle_02_CTRL" parent="Controls_GRP/root_GRP/root_ctrl/L_Wrist_GRP/L_Wrist_CTRL/L_Meta_Middle_GRP/L_Meta_Middle_CTRL/L_Middle_01_GRP/L_Middle_01_CTRL/L_Middle_02_GRP" index="0"]
transform = Transform3D(1, 0, 0, 0, 0.764813, 0.644252, 0, -0.644252, 0.764813, 0, 0, 0)

[node name="L_Meta_Ring_CTRL" parent="Controls_GRP/root_GRP/root_ctrl/L_Wrist_GRP/L_Wrist_CTRL/L_Meta_Ring_GRP" index="0"]
transform = Transform3D(0.999115, 0.0420561, -2.32831e-10, -0.0418697, 0.994689, -0.0940282, -0.00395445, 0.093945, 0.99557, 0, 0, 0)

[node name="L_Ring_01_CTRL" parent="Controls_GRP/root_GRP/root_ctrl/L_Wrist_GRP/L_Wrist_CTRL/L_Meta_Ring_GRP/L_Meta_Ring_CTRL/L_Ring_01_GRP" index="0"]
transform = Transform3D(0.969196, -0.133181, -0.207178, 0.229695, 0.792334, 0.565196, 0.0888811, -0.595373, 0.798518, 0, 0, 0)

[node name="L_Ring_02_CTRL" parent="Controls_GRP/root_GRP/root_ctrl/L_Wrist_GRP/L_Wrist_CTRL/L_Meta_Ring_GRP/L_Meta_Ring_CTRL/L_Ring_01_GRP/L_Ring_01_CTRL/L_Ring_02_GRP" index="0"]
transform = Transform3D(1, 0, 0, 0, 0.906481, 0.422246, 0, -0.422246, 0.906481, 0, 0, 0)

[node name="L_Ring_03_CTRL" parent="Controls_GRP/root_GRP/root_ctrl/L_Wrist_GRP/L_Wrist_CTRL/L_Meta_Ring_GRP/L_Meta_Ring_CTRL/L_Ring_01_GRP/L_Ring_01_CTRL/L_Ring_02_GRP/L_Ring_02_CTRL/L_Ring_03_GRP" index="0"]
transform = Transform3D(1, 0, 0, 0, 0.999671, 0.025639, 0, -0.025639, 0.999671, 0, 0, 0)

[node name="L_Pinkie_01_CTRL" parent="Controls_GRP/root_GRP/root_ctrl/L_Wrist_GRP/L_Wrist_CTRL/L_Meta_Pinkie_GRP/L_Meta_Pinkie_CTRL/L_Pinkie_01_GRP" index="0"]
transform = Transform3D(0.999968, 0.00799975, 6.98492e-10, -0.00670023, 0.837528, 0.546354, 0.00437069, -0.546336, 0.837555, 0, 0, 0)

[node name="L_Thumb_01_CTRL" parent="Controls_GRP/root_GRP/root_ctrl/L_Wrist_GRP/L_Wrist_CTRL/L_Thumb_01_GRP" index="0"]
transform = Transform3D(0.947182, -0.268297, -0.175677, 0.262254, 0.963302, -0.0571999, 0.184576, 0.0081068, 0.982785, 0, 0, 0)

[node name="L_Thumb_02_CTRL" parent="Controls_GRP/root_GRP/root_ctrl/L_Wrist_GRP/L_Wrist_CTRL/L_Thumb_01_GRP/L_Thumb_01_CTRL/L_Thumb_02_GRP" index="0"]
transform = Transform3D(0.975016, -0.219242, -0.0357304, 0.222134, 0.96232, 0.156832, 0, -0.16085, 0.986979, 0, 0, 0)

[node name="L_Thumb_03_CTRL" parent="Controls_GRP/root_GRP/root_ctrl/L_Wrist_GRP/L_Wrist_CTRL/L_Thumb_01_GRP/L_Thumb_01_CTRL/L_Thumb_02_GRP/L_Thumb_02_CTRL/L_Thumb_03_GRP" index="0"]
transform = Transform3D(1, 0, 0, 0, 0.991218, 0.132234, 0, -0.132234, 0.991218, 0, 0, 0)

[node name="R_Wrist_CTRL" parent="Controls_GRP/root_GRP/root_ctrl/R_Wrist_GRP" index="0"]
transform = Transform3D(-0.157301, -0.646225, 0.74676, 0.793226, -0.533113, -0.294252, 0.58826, 0.546063, 0.596461, -0.0962882, -0.251238, 0.413521)

[node name="R_Thumb_01_CTRL" parent="Controls_GRP/root_GRP/root_ctrl/R_Wrist_GRP/R_Wrist_CTRL/R_Thumb_01_GRP" index="0"]
transform = Transform3D(0.990566, 0.10717, 0.0854014, -0.107563, 0.994198, 0, -0.0849059, -0.00918603, 0.996347, 0, 0, 0)

[node name="R_Thumb_02_CTRL" parent="Controls_GRP/root_GRP/root_ctrl/R_Wrist_GRP/R_Wrist_CTRL/R_Thumb_01_GRP/R_Thumb_01_CTRL/R_Thumb_02_GRP" index="0"]
transform = Transform3D(1, 0, 0, 0, 0.960795, -0.277261, 0, 0.277261, 0.960795, 0, 0, 0)

[node name="R_Thumb_03_CTRL" parent="Controls_GRP/root_GRP/root_ctrl/R_Wrist_GRP/R_Wrist_CTRL/R_Thumb_01_GRP/R_Thumb_01_CTRL/R_Thumb_02_GRP/R_Thumb_02_CTRL/R_Thumb_03_GRP" index="0"]
transform = Transform3D(1, 0, 0, 0, 0.985175, -0.171552, 0, 0.171552, 0.985175, 0, 0, 0)

[node name="R_Meta_Index_CTRL" parent="Controls_GRP/root_GRP/root_ctrl/R_Wrist_GRP/R_Wrist_CTRL/R_Meta_Index_GRP" index="0"]
transform = Transform3D(1, 0, 0, 0, 0.998097, 0.0616698, 0, -0.0616698, 0.998097, 0, 0, 0)

[node name="R_Index_01_CTRL" parent="Controls_GRP/root_GRP/root_ctrl/R_Wrist_GRP/R_Wrist_CTRL/R_Meta_Index_GRP/R_Meta_Index_CTRL/R_Index_01_GRP" index="0"]
transform = Transform3D(1, 0, 0, 0, 0.955178, 0.296032, 0, -0.296032, 0.955178, 0, 0, 0)

[node name="R_Index_02_CTRL" parent="Controls_GRP/root_GRP/root_ctrl/R_Wrist_GRP/R_Wrist_CTRL/R_Meta_Index_GRP/R_Meta_Index_CTRL/R_Index_01_GRP/R_Index_01_CTRL/R_Index_02_GRP" index="0"]
transform = Transform3D(1, 0, 0, 0, 0.922994, -0.384815, 0, 0.384815, 0.922994, 0, 0, 0)

[node name="R_Index_03_CTRL" parent="Controls_GRP/root_GRP/root_ctrl/R_Wrist_GRP/R_Wrist_CTRL/R_Meta_Index_GRP/R_Meta_Index_CTRL/R_Index_01_GRP/R_Index_01_CTRL/R_Index_02_GRP/R_Index_02_CTRL/R_Index_03_GRP" index="0"]
transform = Transform3D(1, 0, 0, 0, 0.981305, -0.192457, 0, 0.192457, 0.981305, 0, 0, 0)

[node name="R_Middle_01_CTRL" parent="Controls_GRP/root_GRP/root_ctrl/R_Wrist_GRP/R_Wrist_CTRL/R_Meta_Middle_GRP/R_Meta_Middle_CTRL/R_Middle_01_GRP" index="0"]
transform = Transform3D(0.991464, 0.130382, -3.72529e-09, -0.122354, 0.93042, 0.345469, 0.0450429, -0.34252, 0.93843, 0, 0, 0)

[node name="R_Middle_02_CTRL" parent="Controls_GRP/root_GRP/root_ctrl/R_Wrist_GRP/R_Wrist_CTRL/R_Meta_Middle_GRP/R_Meta_Middle_CTRL/R_Middle_01_GRP/R_Middle_01_CTRL/R_Middle_02_GRP" index="0"]
transform = Transform3D(1, 0, 0, 0, 0.94113, -0.338045, 0, 0.338045, 0.94113, 0, 0, 0)

[node name="R_Middle_03_CTRL" parent="Controls_GRP/root_GRP/root_ctrl/R_Wrist_GRP/R_Wrist_CTRL/R_Meta_Middle_GRP/R_Meta_Middle_CTRL/R_Middle_01_GRP/R_Middle_01_CTRL/R_Middle_02_GRP/R_Middle_02_CTRL/R_Middle_03_GRP" index="0"]
transform = Transform3D(1, 0, 0, 0, 0.954468, -0.298315, 0, 0.298315, 0.954468, 0, 0, 0)

[node name="R_Ring_01_CTRL" parent="Controls_GRP/root_GRP/root_ctrl/R_Wrist_GRP/R_Wrist_CTRL/R_Meta_Ring_GRP/R_Meta_Ring_CTRL/R_Ring_01_GRP" index="0"]
transform = Transform3D(0.976701, 0.15644, -0.146907, -0.140149, 0.98338, 0.115422, 0.162522, -0.0921437, 0.982393, 0, 0, 0)

[node name="R_Ring_02_CTRL" parent="Controls_GRP/root_GRP/root_ctrl/R_Wrist_GRP/R_Wrist_CTRL/R_Meta_Ring_GRP/R_Meta_Ring_CTRL/R_Ring_01_GRP/R_Ring_01_CTRL/R_Ring_02_GRP" index="0"]
transform = Transform3D(1, 0, 0, 0, 0.936713, -0.350098, 0, 0.350098, 0.936713, 0, 0, 0)

[node name="R_Ring_03_CTRL" parent="Controls_GRP/root_GRP/root_ctrl/R_Wrist_GRP/R_Wrist_CTRL/R_Meta_Ring_GRP/R_Meta_Ring_CTRL/R_Ring_01_GRP/R_Ring_01_CTRL/R_Ring_02_GRP/R_Ring_02_CTRL/R_Ring_03_GRP" index="0"]
transform = Transform3D(1, 0, 0, 0, 0.99207, -0.125684, 0, 0.125684, 0.99207, 0, 0, 0)

[node name="R_Pinkie_01_CTRL" parent="Controls_GRP/root_GRP/root_ctrl/R_Wrist_GRP/R_Wrist_CTRL/R_Meta_Pinkie_GRP/R_Meta_Pinkie_CTRL/R_Pinkie_01_GRP" index="0"]
transform = Transform3D(0.976892, -0.0230527, -0.212486, -0.0549516, 0.933656, -0.35393, 0.206548, 0.357428, 0.910815, 0, 0, 0)

[node name="R_Pinkie_02_CTRL" parent="Controls_GRP/root_GRP/root_ctrl/R_Wrist_GRP/R_Wrist_CTRL/R_Meta_Pinkie_GRP/R_Meta_Pinkie_CTRL/R_Pinkie_01_GRP/R_Pinkie_01_CTRL/R_Pinkie_02_GRP" index="0"]
transform = Transform3D(1, 0, 0, 0, 0.999982, 0.00593161, 0, -0.00593161, 0.999982, 0, 0, 0)

[node name="R_Pinkie_03_CTRL" parent="Controls_GRP/root_GRP/root_ctrl/R_Wrist_GRP/R_Wrist_CTRL/R_Meta_Pinkie_GRP/R_Meta_Pinkie_CTRL/R_Pinkie_01_GRP/R_Pinkie_01_CTRL/R_Pinkie_02_GRP/R_Pinkie_02_CTRL/R_Pinkie_03_GRP" index="0"]
transform = Transform3D(1, 0, 0, 0, 0.954693, -0.297593, 0, 0.297593, 0.954693, 0, 0, 0)

[node name="R_Shoulder_CTRL" parent="Controls_GRP/root_GRP/root_ctrl/R_Shoulder_GRP" index="0"]
transform = Transform3D(1, 0, 0, 0, 1, 0, 0, 0, 1, -0.0718954, -0.0380257, 0.195851)

[node name="AnimationPlayer" parent="." index="3"]
libraries = {
"anim_gumball_fire_arms (1)": ExtResource("2_yyhvj")
}
