[gd_scene load_steps=5 format=3 uid="uid://7enyibtuqf4l"]

[ext_resource type="PackedScene" uid="uid://dwfcqo6h2w4k1" path="res://gumball_rig_base (3).fbx" id="1_rssbs"]
[ext_resource type="AnimationLibrary" uid="uid://1jx7nmjv7d0t" path="res://anim_gumball_fire_arms (3).fbx" id="2_v71vj"]

[sub_resource type="Animation" id="Animation_v8yml"]
resource_name = "Take 001"
length = 0.0333333
tracks/0/type = "rotation_3d"
tracks/0/imported = true
tracks/0/enabled = true
tracks/0/path = NodePath("Skeleton/Skeleton3D:UpperArm_L_JNT")
tracks/0/interp = 1
tracks/0/loop_wrap = true
tracks/0/keys = PackedFloat32Array(-1.73847e-09, 1, 0.0688646, 0.00611097, -0.932534, 0.354403)
tracks/1/type = "rotation_3d"
tracks/1/imported = true
tracks/1/enabled = true
tracks/1/path = NodePath("Controls_GRP/root_GRP/root_ctrl/L_Wrist_GRP")
tracks/1/interp = 1
tracks/1/loop_wrap = true
tracks/1/keys = PackedFloat32Array(-1.73847e-09, 1, -0.0113128, -0.171829, -0.949823, 0.261118)
tracks/2/type = "rotation_3d"
tracks/2/imported = true
tracks/2/enabled = true
tracks/2/path = NodePath("Skeleton/Skeleton3D:Wrist_0_R_JNT")
tracks/2/interp = 1
tracks/2/loop_wrap = true
tracks/2/keys = PackedFloat32Array(-1.73847e-09, 1, -2.01154e-07, 0.21644, -1.63601e-07, 0.976296)
tracks/3/type = "rotation_3d"
tracks/3/imported = true
tracks/3/enabled = true
tracks/3/path = NodePath("Skeleton/Skeleton3D:Wrist_1_R_JNT")
tracks/3/interp = 1
tracks/3/loop_wrap = true
tracks/3/keys = PackedFloat32Array(-1.73847e-09, 1, -1.4796e-07, 0.21644, -1.05967e-07, 0.976296)
tracks/4/type = "rotation_3d"
tracks/4/imported = true
tracks/4/enabled = true
tracks/4/path = NodePath("Skeleton/Skeleton3D:Wrist_2_R_JNT")
tracks/4/interp = 1
tracks/4/loop_wrap = true
tracks/4/keys = PackedFloat32Array(-1.73847e-09, 1, 4.09151e-07, 0.21644, 7.21941e-08, 0.976296)
tracks/5/type = "rotation_3d"
tracks/5/imported = true
tracks/5/enabled = true
tracks/5/path = NodePath("Skeleton/Skeleton3D:Wrist_3_R_JNT")
tracks/5/interp = 1
tracks/5/loop_wrap = true
tracks/5/keys = PackedFloat32Array(-1.73847e-09, 1, 1.13157e-08, 0.21644, -6.20227e-08, 0.976296)
tracks/6/type = "rotation_3d"
tracks/6/imported = true
tracks/6/enabled = true
tracks/6/path = NodePath("Skeleton/Skeleton3D:Wrist_0_L_JNT")
tracks/6/interp = 1
tracks/6/loop_wrap = true
tracks/6/keys = PackedFloat32Array(-1.73847e-09, 1, 8.83471e-08, -0.21644, 1.87652e-07, 0.976296)
tracks/7/type = "rotation_3d"
tracks/7/imported = true
tracks/7/enabled = true
tracks/7/path = NodePath("Skeleton/Skeleton3D:Wrist_1_L_JNT")
tracks/7/interp = 1
tracks/7/loop_wrap = true
tracks/7/keys = PackedFloat32Array(-1.73847e-09, 1, -1.16909e-07, -0.21644, -2.56393e-08, 0.976296)
tracks/8/type = "rotation_3d"
tracks/8/imported = true
tracks/8/enabled = true
tracks/8/path = NodePath("Skeleton/Skeleton3D:Wrist_2_L_JNT")
tracks/8/interp = 1
tracks/8/loop_wrap = true
tracks/8/keys = PackedFloat32Array(-1.73847e-09, 1, -2.04952e-07, -0.21644, -2.51542e-08, 0.976296)
tracks/9/type = "rotation_3d"
tracks/9/imported = true
tracks/9/enabled = true
tracks/9/path = NodePath("Skeleton/Skeleton3D:Wrist_3_L_JNT")
tracks/9/interp = 1
tracks/9/loop_wrap = true
tracks/9/keys = PackedFloat32Array(-1.73847e-09, 1, 3.39815e-08, -0.21644, 4.48796e-08, 0.976296)
tracks/10/type = "position_3d"
tracks/10/imported = true
tracks/10/enabled = true
tracks/10/path = NodePath("Controls_GRP/root_GRP/root_ctrl/L_Wrist_GRP/L_Wrist_CTRL")
tracks/10/interp = 1
tracks/10/loop_wrap = true
tracks/10/keys = PackedFloat32Array(-1.73847e-09, 1, 0, 0, 0, 0.0333333, 1, 0, 0, 0, 0.0666667, 1, 0.251683, -0.561895, 0.357176)
tracks/11/type = "rotation_3d"
tracks/11/imported = true
tracks/11/enabled = true
tracks/11/path = NodePath("Controls_GRP/root_GRP/root_ctrl/L_Wrist_GRP/L_Wrist_CTRL")
tracks/11/interp = 1
tracks/11/loop_wrap = true
tracks/11/keys = PackedFloat32Array(-1.73847e-09, 1, 0, 0, 0, 1, 0.0333333, 1, 0, 0, 0, 1, 0.0666667, 1, 0.964081, -0.0397726, -0.027642, 0.261155)
tracks/12/type = "position_3d"
tracks/12/imported = true
tracks/12/enabled = true
tracks/12/path = NodePath("Controls_GRP/root_GRP/root_ctrl/R_Wrist_GRP/R_Wrist_CTRL")
tracks/12/interp = 1
tracks/12/loop_wrap = true
tracks/12/keys = PackedFloat32Array(-1.73847e-09, 1, 0, 0, 0, 0.0333333, 1, 0, 0, 0, 0.0666667, 1, -0.0962882, -0.251238, 0.413521)
tracks/13/type = "rotation_3d"
tracks/13/imported = true
tracks/13/enabled = true
tracks/13/path = NodePath("Controls_GRP/root_GRP/root_ctrl/R_Wrist_GRP/R_Wrist_CTRL")
tracks/13/interp = 1
tracks/13/loop_wrap = true
tracks/13/keys = PackedFloat32Array(-1.73847e-09, 1, 0, 0, 0, 1, 0.0333333, 1, 0, 0, 0, 1, 0.0666667, 1, 0.441404, 0.0832575, 0.756121, 0.475933)
tracks/14/type = "position_3d"
tracks/14/imported = true
tracks/14/enabled = true
tracks/14/path = NodePath("Controls_GRP/root_GRP/root_ctrl/R_Shoulder_GRP/R_Shoulder_CTRL")
tracks/14/interp = 1
tracks/14/loop_wrap = true
tracks/14/keys = PackedFloat32Array(-1.73847e-09, 1, 0, 0, 0, 0.0333333, 1, 0, 0, 0, 0.0666667, 1, -0.0718954, -0.0380257, 0.195851)
tracks/15/type = "rotation_3d"
tracks/15/imported = true
tracks/15/enabled = true
tracks/15/path = NodePath("Controls_GRP/root_GRP/root_ctrl/L_Wrist_GRP/L_Wrist_CTRL/L_Meta_Index_GRP/L_Meta_Index_CTRL")
tracks/15/interp = 1
tracks/15/loop_wrap = true
tracks/15/keys = PackedFloat32Array(-1.73847e-09, 1, 0, 0, 0, 1, 0.0333333, 1, 0, 0, 0, 1, 0.0666667, 1, 0.0120206, 0, 0, 0.999928)
tracks/16/type = "rotation_3d"
tracks/16/imported = true
tracks/16/enabled = true
tracks/16/path = NodePath("Controls_GRP/root_GRP/root_ctrl/L_Wrist_GRP/L_Wrist_CTRL/L_Meta_Ring_GRP/L_Meta_Ring_CTRL")
tracks/16/interp = 1
tracks/16/loop_wrap = true
tracks/16/keys = PackedFloat32Array(-1.73847e-09, 1, 0, 0, 0, 1, 0.0333333, 1, 0, 0, 0, 1, 0.0666667, 1, 0.0470558, 0.000989929, -0.0210094, 0.998671)
tracks/17/type = "rotation_3d"
tracks/17/imported = true
tracks/17/enabled = true
tracks/17/path = NodePath("Controls_GRP/root_GRP/root_ctrl/L_Wrist_GRP/L_Wrist_CTRL/L_Thumb_01_GRP/L_Thumb_01_CTRL")
tracks/17/interp = 1
tracks/17/loop_wrap = true
tracks/17/keys = PackedFloat32Array(-1.73847e-09, 1, 0, 0, 0, 1, 0.0333333, 1, 0, 0, 0, 1, 0.0666667, 1, 0.016549, -0.0912893, 0.134444, 0.986568)
tracks/18/type = "rotation_3d"
tracks/18/imported = true
tracks/18/enabled = true
tracks/18/path = NodePath("Controls_GRP/root_GRP/root_ctrl/R_Wrist_GRP/R_Wrist_CTRL/R_Thumb_01_GRP/R_Thumb_01_CTRL")
tracks/18/interp = 1
tracks/18/loop_wrap = true
tracks/18/keys = PackedFloat32Array(-1.73847e-09, 1, 0, 0, 0, 1, 0.0333333, 1, 0, 0, 0, 1, 0.0666667, 1, -0.00230195, 0.0426777, -0.0538105, 0.997636)
tracks/19/type = "rotation_3d"
tracks/19/imported = true
tracks/19/enabled = true
tracks/19/path = NodePath("Controls_GRP/root_GRP/root_ctrl/R_Wrist_GRP/R_Wrist_CTRL/R_Meta_Index_GRP/R_Meta_Index_CTRL")
tracks/19/interp = 1
tracks/19/loop_wrap = true
tracks/19/keys = PackedFloat32Array(-1.73847e-09, 1, 0, 0, 0, 1, 0.0333333, 1, 0, 0, 0, 1, 0.0666667, 1, -0.0308496, 0, 0, 0.999524)
tracks/20/type = "rotation_3d"
tracks/20/imported = true
tracks/20/enabled = true
tracks/20/path = NodePath("Controls_GRP/root_GRP/root_ctrl/L_Wrist_GRP/L_Wrist_CTRL/L_Meta_Index_GRP/L_Meta_Index_CTRL/L_Index_01_GRP/L_Index_01_CTRL")
tracks/20/interp = 1
tracks/20/loop_wrap = true
tracks/20/keys = PackedFloat32Array(-1.73847e-09, 1, 0, 0, 0, 1, 0.0333333, 1, 0, 0, 0, 1, 0.0666667, 1, -0.348366, 0, 0, 0.937358)
tracks/21/type = "rotation_3d"
tracks/21/imported = true
tracks/21/enabled = true
tracks/21/path = NodePath("Controls_GRP/root_GRP/root_ctrl/L_Wrist_GRP/L_Wrist_CTRL/L_Meta_Middle_GRP/L_Meta_Middle_CTRL/L_Middle_01_GRP/L_Middle_01_CTRL")
tracks/21/interp = 1
tracks/21/loop_wrap = true
tracks/21/keys = PackedFloat32Array(-1.73847e-09, 1, 0, 0, 0, 1, 0.0333333, 1, 0, 0, 0, 1, 0.0666667, 1, -0.317393, 0.0112917, 0.0337132, 0.947627)
tracks/22/type = "rotation_3d"
tracks/22/imported = true
tracks/22/enabled = true
tracks/22/path = NodePath("Controls_GRP/root_GRP/root_ctrl/L_Wrist_GRP/L_Wrist_CTRL/L_Meta_Ring_GRP/L_Meta_Ring_CTRL/L_Ring_01_GRP/L_Ring_01_CTRL")
tracks/22/interp = 1
tracks/22/loop_wrap = true
tracks/22/keys = PackedFloat32Array(-1.73847e-09, 1, 0, 0, 0, 1, 0.0333333, 1, 0, 0, 0, 1, 0.0666667, 1, -0.307548, -0.078455, 0.0961613, 0.943404)
tracks/23/type = "rotation_3d"
tracks/23/imported = true
tracks/23/enabled = true
tracks/23/path = NodePath("Controls_GRP/root_GRP/root_ctrl/L_Wrist_GRP/L_Wrist_CTRL/L_Meta_Pinkie_GRP/L_Meta_Pinkie_CTRL/L_Pinkie_01_GRP/L_Pinkie_01_CTRL")
tracks/23/interp = 1
tracks/23/loop_wrap = true
tracks/23/keys = PackedFloat32Array(-1.73847e-09, 1, 0, 0, 0, 1, 0.0333333, 1, 0, 0, 0, 1, 0.0666667, 1, -0.284994, -0.00113996, -0.00383403, 0.958521)
tracks/24/type = "rotation_3d"
tracks/24/imported = true
tracks/24/enabled = true
tracks/24/path = NodePath("Controls_GRP/root_GRP/root_ctrl/L_Wrist_GRP/L_Wrist_CTRL/L_Thumb_01_GRP/L_Thumb_01_CTRL/L_Thumb_02_GRP/L_Thumb_02_CTRL")
tracks/24/interp = 1
tracks/24/loop_wrap = true
tracks/24/keys = PackedFloat32Array(-1.73847e-09, 1, 0, 0, 0, 1, 0.0333333, 1, 0, 0, 0, 1, 0.0666667, 1, -0.0801827, -0.00901832, 0.111403, 0.990494)
tracks/25/type = "rotation_3d"
tracks/25/imported = true
tracks/25/enabled = true
tracks/25/path = NodePath("Controls_GRP/root_GRP/root_ctrl/R_Wrist_GRP/R_Wrist_CTRL/R_Thumb_01_GRP/R_Thumb_01_CTRL/R_Thumb_02_GRP/R_Thumb_02_CTRL")
tracks/25/interp = 1
tracks/25/loop_wrap = true
tracks/25/keys = PackedFloat32Array(-1.73847e-09, 1, 0, 0, 0, 1, 0.0333333, 1, 0, 0, 0, 1, 0.0666667, 1, 0.140009, 0, 0, 0.99015)
tracks/26/type = "rotation_3d"
tracks/26/imported = true
tracks/26/enabled = true
tracks/26/path = NodePath("Controls_GRP/root_GRP/root_ctrl/R_Wrist_GRP/R_Wrist_CTRL/R_Meta_Index_GRP/R_Meta_Index_CTRL/R_Index_01_GRP/R_Index_01_CTRL")
tracks/26/interp = 1
tracks/26/loop_wrap = true
tracks/26/keys = PackedFloat32Array(-1.73847e-09, 1, 0, 0, 0, 1, 0.0333333, 1, 0, 0, 0, 1, 0.0666667, 1, -0.149703, 0, 0, 0.988731)
tracks/27/type = "rotation_3d"
tracks/27/imported = true
tracks/27/enabled = true
tracks/27/path = NodePath("Controls_GRP/root_GRP/root_ctrl/R_Wrist_GRP/R_Wrist_CTRL/R_Meta_Middle_GRP/R_Meta_Middle_CTRL/R_Middle_01_GRP/R_Middle_01_CTRL")
tracks/27/interp = 1
tracks/27/loop_wrap = true
tracks/27/keys = PackedFloat32Array(-1.73847e-09, 1, 0, 0, 0, 1, 0.0333333, 1, 0, 0, 0, 1, 0.0666667, 1, -0.175081, -0.0114627, -0.0643171, 0.982384)
tracks/28/type = "rotation_3d"
tracks/28/imported = true
tracks/28/enabled = true
tracks/28/path = NodePath("Controls_GRP/root_GRP/root_ctrl/R_Wrist_GRP/R_Wrist_CTRL/R_Meta_Ring_GRP/R_Meta_Ring_CTRL/R_Ring_01_GRP/R_Ring_01_CTRL")
tracks/28/interp = 1
tracks/28/loop_wrap = true
tracks/28/keys = PackedFloat32Array(-1.73847e-09, 1, 0, 0, 0, 1, 0.0333333, 1, 0, 0, 0, 1, 0.0666667, 1, -0.0522686, -0.0779193, -0.0746861, 0.992783)
tracks/29/type = "rotation_3d"
tracks/29/imported = true
tracks/29/enabled = true
tracks/29/path = NodePath("Controls_GRP/root_GRP/root_ctrl/R_Wrist_GRP/R_Wrist_CTRL/R_Meta_Pinkie_GRP/R_Meta_Pinkie_CTRL/R_Pinkie_01_GRP/R_Pinkie_01_CTRL")
tracks/29/interp = 1
tracks/29/loop_wrap = true
tracks/29/keys = PackedFloat32Array(-1.73847e-09, 1, 0, 0, 0, 1, 0.0333333, 1, 0, 0, 0, 1, 0.0666667, 1, 0.181949, -0.107179, -0.008159, 0.977415)
tracks/30/type = "rotation_3d"
tracks/30/imported = true
tracks/30/enabled = true
tracks/30/path = NodePath("Controls_GRP/root_GRP/root_ctrl/L_Wrist_GRP/L_Wrist_CTRL/L_Meta_Index_GRP/L_Meta_Index_CTRL/L_Index_01_GRP/L_Index_01_CTRL/L_Index_02_GRP/L_Index_02_CTRL")
tracks/30/interp = 1
tracks/30/loop_wrap = true
tracks/30/keys = PackedFloat32Array(-1.73847e-09, 1, 0, 0, 0, 1, 0.0333333, 1, 0, 0, 0, 1, 0.0666667, 1, -0.281652, 0, 0, 0.959517)
tracks/31/type = "rotation_3d"
tracks/31/imported = true
tracks/31/enabled = true
tracks/31/path = NodePath("Controls_GRP/root_GRP/root_ctrl/L_Wrist_GRP/L_Wrist_CTRL/L_Meta_Middle_GRP/L_Meta_Middle_CTRL/L_Middle_01_GRP/L_Middle_01_CTRL/L_Middle_02_GRP/L_Middle_02_CTRL")
tracks/31/interp = 1
tracks/31/loop_wrap = true
tracks/31/keys = PackedFloat32Array(-1.73847e-09, 1, 0, 0, 0, 1, 0.0333333, 1, 0, 0, 0, 1, 0.0666667, 1, -0.342919, 0, 0, 0.939365)
tracks/32/type = "rotation_3d"
tracks/32/imported = true
tracks/32/enabled = true
tracks/32/path = NodePath("Controls_GRP/root_GRP/root_ctrl/L_Wrist_GRP/L_Wrist_CTRL/L_Meta_Ring_GRP/L_Meta_Ring_CTRL/L_Ring_01_GRP/L_Ring_01_CTRL/L_Ring_02_GRP/L_Ring_02_CTRL")
tracks/32/interp = 1
tracks/32/loop_wrap = true
tracks/32/keys = PackedFloat32Array(-1.73847e-09, 1, 0, 0, 0, 1, 0.0333333, 1, 0, 0, 0, 1, 0.0666667, 1, -0.216239, 0, 0, 0.97634)
tracks/33/type = "rotation_3d"
tracks/33/imported = true
tracks/33/enabled = true
tracks/33/path = NodePath("Controls_GRP/root_GRP/root_ctrl/L_Wrist_GRP/L_Wrist_CTRL/L_Thumb_01_GRP/L_Thumb_01_CTRL/L_Thumb_02_GRP/L_Thumb_02_CTRL/L_Thumb_03_GRP/L_Thumb_03_CTRL")
tracks/33/interp = 1
tracks/33/loop_wrap = true
tracks/33/keys = PackedFloat32Array(-1.73847e-09, 1, 0, 0, 0, 1, 0.0333333, 1, 0, 0, 0, 1, 0.0666667, 1, -0.0662628, 0, 0, 0.997802)
tracks/34/type = "rotation_3d"
tracks/34/imported = true
tracks/34/enabled = true
tracks/34/path = NodePath("Controls_GRP/root_GRP/root_ctrl/R_Wrist_GRP/R_Wrist_CTRL/R_Thumb_01_GRP/R_Thumb_01_CTRL/R_Thumb_02_GRP/R_Thumb_02_CTRL/R_Thumb_03_GRP/R_Thumb_03_CTRL")
tracks/34/interp = 1
tracks/34/loop_wrap = true
tracks/34/keys = PackedFloat32Array(-1.73847e-09, 1, 0, 0, 0, 1, 0.0333333, 1, 0, 0, 0, 1, 0.0666667, 1, 0.0860955, 0, 0, 0.996287)
tracks/35/type = "rotation_3d"
tracks/35/imported = true
tracks/35/enabled = true
tracks/35/path = NodePath("Controls_GRP/root_GRP/root_ctrl/R_Wrist_GRP/R_Wrist_CTRL/R_Meta_Index_GRP/R_Meta_Index_CTRL/R_Index_01_GRP/R_Index_01_CTRL/R_Index_02_GRP/R_Index_02_CTRL")
tracks/35/interp = 1
tracks/35/loop_wrap = true
tracks/35/keys = PackedFloat32Array(-1.73847e-09, 1, 0, 0, 0, 1, 0.0333333, 1, 0, 0, 0, 1, 0.0666667, 1, 0.196222, 0, 0, 0.98056)
tracks/36/type = "rotation_3d"
tracks/36/imported = true
tracks/36/enabled = true
tracks/36/path = NodePath("Controls_GRP/root_GRP/root_ctrl/R_Wrist_GRP/R_Wrist_CTRL/R_Meta_Middle_GRP/R_Meta_Middle_CTRL/R_Middle_01_GRP/R_Middle_01_CTRL/R_Middle_02_GRP/R_Middle_02_CTRL")
tracks/36/interp = 1
tracks/36/loop_wrap = true
tracks/36/keys = PackedFloat32Array(-1.73847e-09, 1, 0, 0, 0, 1, 0.0333333, 1, 0, 0, 0, 1, 0.0666667, 1, 0.171567, 0, 0, 0.985173)
tracks/37/type = "rotation_3d"
tracks/37/imported = true
tracks/37/enabled = true
tracks/37/path = NodePath("Controls_GRP/root_GRP/root_ctrl/R_Wrist_GRP/R_Wrist_CTRL/R_Meta_Ring_GRP/R_Meta_Ring_CTRL/R_Ring_01_GRP/R_Ring_01_CTRL/R_Ring_02_GRP/R_Ring_02_CTRL")
tracks/37/interp = 1
tracks/37/loop_wrap = true
tracks/37/keys = PackedFloat32Array(-1.73847e-09, 1, 0, 0, 0, 1, 0.0333333, 1, 0, 0, 0, 1, 0.0666667, 1, 0.177886, 0, 0, 0.984051)
tracks/38/type = "rotation_3d"
tracks/38/imported = true
tracks/38/enabled = true
tracks/38/path = NodePath("Controls_GRP/root_GRP/root_ctrl/R_Wrist_GRP/R_Wrist_CTRL/R_Meta_Pinkie_GRP/R_Meta_Pinkie_CTRL/R_Pinkie_01_GRP/R_Pinkie_01_CTRL/R_Pinkie_02_GRP/R_Pinkie_02_CTRL")
tracks/38/interp = 1
tracks/38/loop_wrap = true
tracks/38/keys = PackedFloat32Array(-1.73847e-09, 1, 0, 0, 0, 1, 0.0333333, 1, 0, 0, 0, 1, 0.0666667, 1, -0.00296582, 0, 0, 0.999996)
tracks/39/type = "rotation_3d"
tracks/39/imported = true
tracks/39/enabled = true
tracks/39/path = NodePath("Controls_GRP/root_GRP/root_ctrl/L_Wrist_GRP/L_Wrist_CTRL/L_Meta_Index_GRP/L_Meta_Index_CTRL/L_Index_01_GRP/L_Index_01_CTRL/L_Index_02_GRP/L_Index_02_CTRL/L_Index_03_GRP/L_Index_03_CTRL")
tracks/39/interp = 1
tracks/39/loop_wrap = true
tracks/39/keys = PackedFloat32Array(-1.73847e-09, 1, 0, 0, 0, 1, 0.0333333, 1, 0, 0, 0, 1, 0.0666667, 1, -0.171571, 0, 0, 0.985172)
tracks/40/type = "rotation_3d"
tracks/40/imported = true
tracks/40/enabled = true
tracks/40/path = NodePath("Controls_GRP/root_GRP/root_ctrl/L_Wrist_GRP/L_Wrist_CTRL/L_Meta_Ring_GRP/L_Meta_Ring_CTRL/L_Ring_01_GRP/L_Ring_01_CTRL/L_Ring_02_GRP/L_Ring_02_CTRL/L_Ring_03_GRP/L_Ring_03_CTRL")
tracks/40/interp = 1
tracks/40/loop_wrap = true
tracks/40/keys = PackedFloat32Array(-1.73847e-09, 1, 0, 0, 0, 1, 0.0333333, 1, 0, 0, 0, 1, 0.0666667, 1, -0.0128205, 0, 0, 0.999918)
tracks/41/type = "rotation_3d"
tracks/41/imported = true
tracks/41/enabled = true
tracks/41/path = NodePath("Controls_GRP/root_GRP/root_ctrl/R_Wrist_GRP/R_Wrist_CTRL/R_Meta_Index_GRP/R_Meta_Index_CTRL/R_Index_01_GRP/R_Index_01_CTRL/R_Index_02_GRP/R_Index_02_CTRL/R_Index_03_GRP/R_Index_03_CTRL")
tracks/41/interp = 1
tracks/41/loop_wrap = true
tracks/41/keys = PackedFloat32Array(-1.73847e-09, 1, 0, 0, 0, 1, 0.0333333, 1, 0, 0, 0, 1, 0.0666667, 1, 0.0966816, 0, 0, 0.995315)
tracks/42/type = "rotation_3d"
tracks/42/imported = true
tracks/42/enabled = true
tracks/42/path = NodePath("Controls_GRP/root_GRP/root_ctrl/R_Wrist_GRP/R_Wrist_CTRL/R_Meta_Middle_GRP/R_Meta_Middle_CTRL/R_Middle_01_GRP/R_Middle_01_CTRL/R_Middle_02_GRP/R_Middle_02_CTRL/R_Middle_03_GRP/R_Middle_03_CTRL")
tracks/42/interp = 1
tracks/42/loop_wrap = true
tracks/42/keys = PackedFloat32Array(-1.73847e-09, 1, 0, 0, 0, 1, 0.0333333, 1, 0, 0, 0, 1, 0.0666667, 1, 0.150885, 0, 0, 0.988551)
tracks/43/type = "rotation_3d"
tracks/43/imported = true
tracks/43/enabled = true
tracks/43/path = NodePath("Controls_GRP/root_GRP/root_ctrl/R_Wrist_GRP/R_Wrist_CTRL/R_Meta_Ring_GRP/R_Meta_Ring_CTRL/R_Ring_01_GRP/R_Ring_01_CTRL/R_Ring_02_GRP/R_Ring_02_CTRL/R_Ring_03_GRP/R_Ring_03_CTRL")
tracks/43/interp = 1
tracks/43/loop_wrap = true
tracks/43/keys = PackedFloat32Array(-1.73847e-09, 1, 0, 0, 0, 1, 0.0333333, 1, 0, 0, 0, 1, 0.0666667, 1, 0.0629668, 0, 0, 0.998016)
tracks/44/type = "rotation_3d"
tracks/44/imported = true
tracks/44/enabled = true
tracks/44/path = NodePath("Controls_GRP/root_GRP/root_ctrl/R_Wrist_GRP/R_Wrist_CTRL/R_Meta_Pinkie_GRP/R_Meta_Pinkie_CTRL/R_Pinkie_01_GRP/R_Pinkie_01_CTRL/R_Pinkie_02_GRP/R_Pinkie_02_CTRL/R_Pinkie_03_GRP/R_Pinkie_03_CTRL")
tracks/44/interp = 1
tracks/44/loop_wrap = true
tracks/44/keys = PackedFloat32Array(-1.73847e-09, 1, 0, 0, 0, 1, 0.0333333, 1, 0, 0, 0, 1, 0.0666667, 1, 0.150511, 0, 0, 0.988608)

[sub_resource type="AnimationLibrary" id="AnimationLibrary_v0ckb"]
_data = {
"Take 001": SubResource("Animation_v8yml")
}

[node name="gumball_rig_base (3)" instance=ExtResource("1_rssbs")]

[node name="Skeleton3D" parent="Skeleton" index="0"]
bones/1/position = Vector3(-0.00122214, 0.00023189, 0.00195459)
bones/1/rotation = Quaternion(-0.0154939, 0.04911, 0.826563, 0.560484)
bones/2/rotation = Quaternion(0.854909, 2.10193e-06, -1.34657e-06, 0.518779)
bones/3/rotation = Quaternion(0.119295, 0.8108, 0.274788, 0.502855)
bones/4/rotation = Quaternion(0.0807843, 0.623268, 0.0892779, 0.772684)
bones/5/rotation = Quaternion(-0.300398, 0.0548669, -0.0293988, 0.951781)
bones/6/rotation = Quaternion(-0.0718968, 1.11997e-06, 1.34251e-06, 0.997412)
bones/7/rotation = Quaternion(-0.141047, -2.1327e-06, -1.66259e-06, 0.990003)
bones/10/rotation = Quaternion(-0.384256, 0.0582919, -0.0616042, 0.919323)
bones/11/rotation = Quaternion(-0.111098, -7.03744e-07, -4.64876e-07, 0.993809)
bones/12/rotation = Quaternion(-0.0773526, 1.90509e-06, 2.03282e-06, 0.997004)
bones/15/rotation = Quaternion(-0.267314, 0.00553347, -0.0279396, 0.963188)
bones/16/rotation = Quaternion(-0.118552, -9.78659e-07, -7.28016e-07, 0.992948)
bones/17/rotation = Quaternion(-0.243626, -4.04668e-07, 1.39599e-06, 0.969869)
bones/20/rotation = Quaternion(0.00697191, 0.0159542, 0.00357725, 0.999842)
bones/21/rotation = Quaternion(-0.349164, 0.0145319, 0.00812636, 0.936914)
bones/22/rotation = Quaternion(-0.144579, 2.21087e-06, -7.69812e-06, 0.989493)
bones/24/rotation = Quaternion(0.371034, 0.0854211, 0.254807, 0.888882)
bones/25/rotation = Quaternion(-0.100808, 7.23431e-07, -8.71262e-07, 0.994906)
bones/26/rotation = Quaternion(-0.135951, -3.47155e-07, 3.53478e-06, 0.990716)
bones/28/rotation = Quaternion(-2.19291e-07, 0.331747, -1.38347e-07, 0.943368)
bones/29/rotation = Quaternion(-1.77544e-07, 0.579511, -3.99902e-08, 0.814965)
bones/30/rotation = Quaternion(3.96258e-07, 0.642779, -1.24884e-07, 0.766051)
bones/31/rotation = Quaternion(-3.23859e-08, 0.806435, -5.40927e-08, 0.591323)
bones/35/rotation = Quaternion(-0.333985, 0.480458, 0.78328, -0.209967)
bones/36/rotation = Quaternion(0.739484, -1.55975e-06, 1.43159e-06, 0.673174)
bones/37/rotation = Quaternion(0.0462913, 0.147348, 0.191755, 0.969214)
bones/38/rotation = Quaternion(0.113829, -0.626522, -0.0624809, 0.768511)
bones/39/rotation = Quaternion(-0.488347, -0.0597126, 0.0175807, 0.870427)
bones/40/rotation = Quaternion(-0.526925, -3.75411e-07, -1.70843e-06, 0.849912)
bones/41/rotation = Quaternion(-0.39932, 1.60676e-06, 2.18076e-06, 0.916812)
bones/44/rotation = Quaternion(-0.51295, -0.0643853, 0.0196539, 0.855775)
bones/45/rotation = Quaternion(-0.592187, 3.66418e-07, 8.05127e-07, 0.805801)
bones/48/rotation = Quaternion(0.0250897, -0.703065, 0.0606681, 0.708089)
bones/49/rotation = Quaternion(-0.510657, -0.142163, 0.0578869, 0.845972)
bones/50/rotation = Quaternion(-0.493083, 6.11147e-07, 1.01198e-06, 0.869982)
bones/51/rotation = Quaternion(-0.3164, 4.98366e-07, -1.35071e-06, 0.948626)
bones/54/rotation = Quaternion(-0.446014, -0.11441, -0.0529976, 0.8861)
bones/58/rotation = Quaternion(0.367101, -0.16434, -0.199338, 0.893585)
bones/59/rotation = Quaternion(-0.314695, 0.0178802, 0.110328, 0.942589)
bones/60/rotation = Quaternion(-0.284886, 9.32845e-07, -3.51485e-06, 0.958561)
bones/62/rotation = Quaternion(9.70015e-08, -0.170678, 1.83328e-07, 0.985327)
bones/63/rotation = Quaternion(-1.19469e-07, -0.0626302, -7.22433e-09, 0.998037)
bones/64/rotation = Quaternion(-2.06061e-07, -0.0315669, 1.33037e-08, 0.999502)
bones/65/rotation = Quaternion(4.50571e-08, 0.0616856, 3.37457e-08, 0.998096)

[node name="L_Wrist_GRP" parent="Controls_GRP/root_GRP/root_ctrl" index="0"]
transform = Transform3D(-0.863379, 0.49992, -0.0682449, -0.492145, -0.804584, 0.332322, 0.111226, 0.320506, 0.940694, 0.491771, -0.600789, 0.121841)

[node name="L_Wrist_CTRL" parent="Controls_GRP/root_GRP/root_ctrl/L_Wrist_GRP" index="0"]
transform = Transform3D(0.995308, -0.0622502, -0.074072, -0.0911257, -0.860432, -0.50135, -0.0325248, 0.505748, -0.862068, 0.251683, -0.561895, 0.357176)

[node name="L_Meta_Index_CTRL" parent="Controls_GRP/root_GRP/root_ctrl/L_Wrist_GRP/L_Wrist_CTRL/L_Meta_Index_GRP" index="0"]
transform = Transform3D(1, 0, 0, 0, 0.999711, -0.0240395, 0, 0.0240395, 0.999711, 0, 0, 0)

[node name="L_Index_01_CTRL" parent="Controls_GRP/root_GRP/root_ctrl/L_Wrist_GRP/L_Wrist_CTRL/L_Meta_Index_GRP/L_Meta_Index_CTRL/L_Index_01_GRP" index="0"]
transform = Transform3D(1, 0, 0, 0, 0.757282, 0.653088, 0, -0.653088, 0.757282, 0, 0, 0)

[node name="L_Index_02_CTRL" parent="Controls_GRP/root_GRP/root_ctrl/L_Wrist_GRP/L_Wrist_CTRL/L_Meta_Index_GRP/L_Meta_Index_CTRL/L_Index_01_GRP/L_Index_01_CTRL/L_Index_02_GRP" index="0"]
transform = Transform3D(1, 0, 0, 0, 0.841344, 0.5405, 0, -0.5405, 0.841344, 0, 0, 0)

[node name="L_Index_03_CTRL" parent="Controls_GRP/root_GRP/root_ctrl/L_Wrist_GRP/L_Wrist_CTRL/L_Meta_Index_GRP/L_Meta_Index_CTRL/L_Index_01_GRP/L_Index_01_CTRL/L_Index_02_GRP/L_Index_02_CTRL/L_Index_03_GRP" index="0"]
transform = Transform3D(1, 0, 0, 0, 0.941127, 0.338054, 0, -0.338054, 0.941127, 0, 0, 0)

[node name="L_Middle_01_CTRL" parent="Controls_GRP/root_GRP/root_ctrl/L_Wrist_GRP/L_Wrist_CTRL/L_Meta_Middle_GRP/L_Meta_Middle_CTRL/L_Middle_01_GRP" index="0"]
transform = Transform3D(0.997472, -0.0710628, 0, 0.0567272, 0.79625, 0.602302, -0.0428013, -0.60078, 0.798268, 0, 0, 0)

[node name="L_Middle_02_CTRL" parent="Controls_GRP/root_GRP/root_ctrl/L_Wrist_GRP/L_Wrist_CTRL/L_Meta_Middle_GRP/L_Meta_Middle_CTRL/L_Middle_01_GRP/L_Middle_01_CTRL/L_Middle_02_GRP" index="0"]
transform = Transform3D(1, 0, 0, 0, 0.764813, 0.644252, 0, -0.644252, 0.764813, 0, 0, 0)

[node name="L_Meta_Ring_CTRL" parent="Controls_GRP/root_GRP/root_ctrl/L_Wrist_GRP/L_Wrist_CTRL/L_Meta_Ring_GRP" index="0"]
transform = Transform3D(0.999115, 0.0420561, -2.32831e-10, -0.0418697, 0.994689, -0.0940282, -0.00395445, 0.093945, 0.99557, 0, 0, 0)

[node name="L_Ring_01_CTRL" parent="Controls_GRP/root_GRP/root_ctrl/L_Wrist_GRP/L_Wrist_CTRL/L_Meta_Ring_GRP/L_Meta_Ring_CTRL/L_Ring_01_GRP" index="0"]
transform = Transform3D(0.969196, -0.133181, -0.207178, 0.229695, 0.792334, 0.565196, 0.0888811, -0.595373, 0.798518, 0, 0, 0)

[node name="L_Ring_02_CTRL" parent="Controls_GRP/root_GRP/root_ctrl/L_Wrist_GRP/L_Wrist_CTRL/L_Meta_Ring_GRP/L_Meta_Ring_CTRL/L_Ring_01_GRP/L_Ring_01_CTRL/L_Ring_02_GRP" index="0"]
transform = Transform3D(1, 0, 0, 0, 0.906481, 0.422246, 0, -0.422246, 0.906481, 0, 0, 0)

[node name="L_Ring_03_CTRL" parent="Controls_GRP/root_GRP/root_ctrl/L_Wrist_GRP/L_Wrist_CTRL/L_Meta_Ring_GRP/L_Meta_Ring_CTRL/L_Ring_01_GRP/L_Ring_01_CTRL/L_Ring_02_GRP/L_Ring_02_CTRL/L_Ring_03_GRP" index="0"]
transform = Transform3D(1, 0, 0, 0, 0.999671, 0.025639, 0, -0.025639, 0.999671, 0, 0, 0)

[node name="L_Pinkie_01_CTRL" parent="Controls_GRP/root_GRP/root_ctrl/L_Wrist_GRP/L_Wrist_CTRL/L_Meta_Pinkie_GRP/L_Meta_Pinkie_CTRL/L_Pinkie_01_GRP" index="0"]
transform = Transform3D(0.999968, 0.00799975, 6.98492e-10, -0.00670023, 0.837528, 0.546354, 0.00437069, -0.546336, 0.837555, 0, 0, 0)

[node name="L_Thumb_01_CTRL" parent="Controls_GRP/root_GRP/root_ctrl/L_Wrist_GRP/L_Wrist_CTRL/L_Thumb_01_GRP" index="0"]
transform = Transform3D(0.947182, -0.268297, -0.175677, 0.262254, 0.963302, -0.0571999, 0.184576, 0.00810681, 0.982785, 0, 0, 0)

[node name="L_Thumb_02_CTRL" parent="Controls_GRP/root_GRP/root_ctrl/L_Wrist_GRP/L_Wrist_CTRL/L_Thumb_01_GRP/L_Thumb_01_CTRL/L_Thumb_02_GRP" index="0"]
transform = Transform3D(0.975016, -0.219242, -0.0357304, 0.222134, 0.96232, 0.156832, 0, -0.16085, 0.986979, 0, 0, 0)

[node name="L_Thumb_03_CTRL" parent="Controls_GRP/root_GRP/root_ctrl/L_Wrist_GRP/L_Wrist_CTRL/L_Thumb_01_GRP/L_Thumb_01_CTRL/L_Thumb_02_GRP/L_Thumb_02_CTRL/L_Thumb_03_GRP" index="0"]
transform = Transform3D(1, 0, 0, 0, 0.991218, 0.132234, 0, -0.132234, 0.991218, 0, 0, 0)

[node name="R_Wrist_CTRL" parent="Controls_GRP/root_GRP/root_ctrl/R_Wrist_GRP" index="0"]
transform = Transform3D(-0.157301, -0.646225, 0.74676, 0.793226, -0.533113, -0.294252, 0.58826, 0.546063, 0.596461, -0.0962882, -0.251238, 0.413521)

[node name="R_Thumb_01_CTRL" parent="Controls_GRP/root_GRP/root_ctrl/R_Wrist_GRP/R_Wrist_CTRL/R_Thumb_01_GRP" index="0"]
transform = Transform3D(0.990566, 0.10717, 0.0854014, -0.107563, 0.994198, 0, -0.0849059, -0.00918603, 0.996347, 0, 0, 0)

[node name="R_Thumb_02_CTRL" parent="Controls_GRP/root_GRP/root_ctrl/R_Wrist_GRP/R_Wrist_CTRL/R_Thumb_01_GRP/R_Thumb_01_CTRL/R_Thumb_02_GRP" index="0"]
transform = Transform3D(1, 0, 0, 0, 0.960795, -0.277261, 0, 0.277261, 0.960795, 0, 0, 0)

[node name="R_Thumb_03_CTRL" parent="Controls_GRP/root_GRP/root_ctrl/R_Wrist_GRP/R_Wrist_CTRL/R_Thumb_01_GRP/R_Thumb_01_CTRL/R_Thumb_02_GRP/R_Thumb_02_CTRL/R_Thumb_03_GRP" index="0"]
transform = Transform3D(1, 0, 0, 0, 0.985175, -0.171552, 0, 0.171552, 0.985175, 0, 0, 0)

[node name="R_Meta_Index_CTRL" parent="Controls_GRP/root_GRP/root_ctrl/R_Wrist_GRP/R_Wrist_CTRL/R_Meta_Index_GRP" index="0"]
transform = Transform3D(1, 0, 0, 0, 0.998097, 0.0616698, 0, -0.0616698, 0.998097, 0, 0, 0)

[node name="R_Index_01_CTRL" parent="Controls_GRP/root_GRP/root_ctrl/R_Wrist_GRP/R_Wrist_CTRL/R_Meta_Index_GRP/R_Meta_Index_CTRL/R_Index_01_GRP" index="0"]
transform = Transform3D(1, 0, 0, 0, 0.955178, 0.296032, 0, -0.296032, 0.955178, 0, 0, 0)

[node name="R_Index_02_CTRL" parent="Controls_GRP/root_GRP/root_ctrl/R_Wrist_GRP/R_Wrist_CTRL/R_Meta_Index_GRP/R_Meta_Index_CTRL/R_Index_01_GRP/R_Index_01_CTRL/R_Index_02_GRP" index="0"]
transform = Transform3D(1, 0, 0, 0, 0.922994, -0.384815, 0, 0.384815, 0.922994, 0, 0, 0)

[node name="R_Index_03_CTRL" parent="Controls_GRP/root_GRP/root_ctrl/R_Wrist_GRP/R_Wrist_CTRL/R_Meta_Index_GRP/R_Meta_Index_CTRL/R_Index_01_GRP/R_Index_01_CTRL/R_Index_02_GRP/R_Index_02_CTRL/R_Index_03_GRP" index="0"]
transform = Transform3D(1, 0, 0, 0, 0.981305, -0.192457, 0, 0.192457, 0.981305, 0, 0, 0)

[node name="R_Middle_01_CTRL" parent="Controls_GRP/root_GRP/root_ctrl/R_Wrist_GRP/R_Wrist_CTRL/R_Meta_Middle_GRP/R_Meta_Middle_CTRL/R_Middle_01_GRP" index="0"]
transform = Transform3D(0.991464, 0.130382, -3.72529e-09, -0.122354, 0.93042, 0.345469, 0.0450429, -0.34252, 0.93843, 0, 0, 0)

[node name="R_Middle_02_CTRL" parent="Controls_GRP/root_GRP/root_ctrl/R_Wrist_GRP/R_Wrist_CTRL/R_Meta_Middle_GRP/R_Meta_Middle_CTRL/R_Middle_01_GRP/R_Middle_01_CTRL/R_Middle_02_GRP" index="0"]
transform = Transform3D(1, 0, 0, 0, 0.94113, -0.338045, 0, 0.338045, 0.94113, 0, 0, 0)

[node name="R_Middle_03_CTRL" parent="Controls_GRP/root_GRP/root_ctrl/R_Wrist_GRP/R_Wrist_CTRL/R_Meta_Middle_GRP/R_Meta_Middle_CTRL/R_Middle_01_GRP/R_Middle_01_CTRL/R_Middle_02_GRP/R_Middle_02_CTRL/R_Middle_03_GRP" index="0"]
transform = Transform3D(1, 0, 0, 0, 0.954468, -0.298315, 0, 0.298315, 0.954468, 0, 0, 0)

[node name="R_Ring_01_CTRL" parent="Controls_GRP/root_GRP/root_ctrl/R_Wrist_GRP/R_Wrist_CTRL/R_Meta_Ring_GRP/R_Meta_Ring_CTRL/R_Ring_01_GRP" index="0"]
transform = Transform3D(0.976701, 0.15644, -0.146907, -0.140149, 0.98338, 0.115422, 0.162522, -0.0921437, 0.982393, 0, 0, 0)

[node name="R_Ring_02_CTRL" parent="Controls_GRP/root_GRP/root_ctrl/R_Wrist_GRP/R_Wrist_CTRL/R_Meta_Ring_GRP/R_Meta_Ring_CTRL/R_Ring_01_GRP/R_Ring_01_CTRL/R_Ring_02_GRP" index="0"]
transform = Transform3D(1, 0, 0, 0, 0.936713, -0.350098, 0, 0.350098, 0.936713, 0, 0, 0)

[node name="R_Ring_03_CTRL" parent="Controls_GRP/root_GRP/root_ctrl/R_Wrist_GRP/R_Wrist_CTRL/R_Meta_Ring_GRP/R_Meta_Ring_CTRL/R_Ring_01_GRP/R_Ring_01_CTRL/R_Ring_02_GRP/R_Ring_02_CTRL/R_Ring_03_GRP" index="0"]
transform = Transform3D(1, 0, 0, 0, 0.99207, -0.125684, 0, 0.125684, 0.99207, 0, 0, 0)

[node name="R_Pinkie_01_CTRL" parent="Controls_GRP/root_GRP/root_ctrl/R_Wrist_GRP/R_Wrist_CTRL/R_Meta_Pinkie_GRP/R_Meta_Pinkie_CTRL/R_Pinkie_01_GRP" index="0"]
transform = Transform3D(0.976892, -0.0230527, -0.212486, -0.0549516, 0.933656, -0.35393, 0.206548, 0.357428, 0.910815, 0, 0, 0)

[node name="R_Pinkie_02_CTRL" parent="Controls_GRP/root_GRP/root_ctrl/R_Wrist_GRP/R_Wrist_CTRL/R_Meta_Pinkie_GRP/R_Meta_Pinkie_CTRL/R_Pinkie_01_GRP/R_Pinkie_01_CTRL/R_Pinkie_02_GRP" index="0"]
transform = Transform3D(1, 0, 0, 0, 0.999982, 0.00593162, 0, -0.00593162, 0.999982, 0, 0, 0)

[node name="R_Pinkie_03_CTRL" parent="Controls_GRP/root_GRP/root_ctrl/R_Wrist_GRP/R_Wrist_CTRL/R_Meta_Pinkie_GRP/R_Meta_Pinkie_CTRL/R_Pinkie_01_GRP/R_Pinkie_01_CTRL/R_Pinkie_02_GRP/R_Pinkie_02_CTRL/R_Pinkie_03_GRP" index="0"]
transform = Transform3D(1, 0, 0, 0, 0.954693, -0.297593, 0, 0.297593, 0.954693, 0, 0, 0)

[node name="R_Shoulder_CTRL" parent="Controls_GRP/root_GRP/root_ctrl/R_Shoulder_GRP" index="0"]
transform = Transform3D(1, 0, 0, 0, 1, 0, 0, 0, 1, -0.0718954, -0.0380257, 0.195851)

[node name="AnimationPlayer" parent="." index="3"]
libraries = {
"": SubResource("AnimationLibrary_v0ckb"),
"anim_gumball_fire_arms (3)": ExtResource("2_v71vj")
}
